54.7571,83.0223 128.0
54.7571,83.0224559 128.3
54.7571,83.0226118 128.7
54.7571,83.0227677 129.1
54.7571,83.0229236 129.5
54.7571,83.0230795 129.9
54.7571,83.0232354 130.2
54.7571,83.0233913 130.6
54.7571,83.0235472 130.9
54.7571,83.0237031 131.2
54.7571,83.023859 131.4
54.7571,83.0240149 131.7
54.7571,83.0241708 132.0
54.7571,83.0243267 131.9
54.7571,83.0244826 131.8
54.7571,83.0246385 131.7
54.7571,83.0247944 131.6
54.7571,83.0249503 131.5
54.7571,83.0251062 131.8
54.7571,83.0252621 132.1
54.7571,83.025418 132.5
54.7571,83.0255739 132.9
54.7571,83.0257298 133.3
54.7571,83.0258857 133.6
54.7571,83.0260416 133.9
54.7571,83.0261975 134.2
54.7571,83.0263534 134.4
54.7571,83.0265093 134.7
54.7571,83.0266652 135.0
54.7571,83.0268211 134.8
54.7571,83.026977 134.6
54.7571,83.0271329 134.4
54.7571,83.0272888 134.2
54.7571,83.0274447 134.0
54.7571,83.0276006 133.8
54.7571,83.0277565 133.6
54.7571,83.0279124 133.4
54.7571,83.0280683 133.3
54.7571,83.0282242 133.1
54.7571,83.0283801 133.0
54.7571,83.028536 133.2
54.7571,83.0286919 133.4
54.7571,83.0288478 133.6
54.7571,83.0290037 133.8
54.7571,83.0291596 134.0
54.7571,83.0293155 134.1
54.7571,83.0294714 134.2
54.7571,83.0296273 134.2
54.7571,83.0297832 134.3
54.7571,83.0299391 134.4
54.7571,83.030095 134.5
54.7571,83.0302509 134.6
54.7571,83.0304068 134.7
54.7571,83.0305627 134.8
54.7571,83.0307186 134.9
54.7571,83.0308745 135.0
54.7571,83.0310304 135.0
54.7571,83.0311863 135.0
54.7571,83.0313422 135.0
54.7571,83.0223 128.0
54.7571,83.0224559 128.3
54.7571,83.0226118 128.7
54.7571,83.0227677 129.1
54.7571,83.0229236 129.5
54.7571,83.0230795 129.9
54.7571,83.0232354 130.2
54.7571,83.0233913 130.6
54.7571,83.0235472 130.9
54.7571,83.0237031 131.2
54.7571,83.023859 131.4
54.7571,83.0240149 131.7
54.7571,83.0241708 132.0
54.7571,83.0243267 131.9
54.7571,83.0244826 131.8
54.7571,83.0246385 131.7
54.7571,83.0247944 131.6
54.7571,83.0249503 131.5
54.7571,83.0251062 131.8
54.7571,83.0252621 132.1
54.7571,83.025418 132.5
54.7571,83.0255739 132.9
54.7571,83.0257298 133.3
54.7571,83.0258857 133.6
54.7571,83.0260416 133.9
54.7571,83.0261975 134.2
54.7571,83.0263534 134.4
54.7571,83.0265093 134.7
54.7571,83.0266652 135.0
54.7571,83.0268211 134.8
54.7571,83.026977 134.6
54.7571,83.0271329 134.4
54.7571,83.0272888 134.2
54.7571,83.0274447 134.0
54.7571,83.0276006 133.8
54.7571,83.0277565 133.6
54.7571,83.0279124 133.4
54.7571,83.0280683 133.3
54.7571,83.0282242 133.1
54.7571,83.0283801 133.0
54.7571,83.028536 133.2
54.7571,83.0286919 133.4
54.7571,83.0288478 133.6
54.7571,83.0290037 133.8
54.7571,83.0291596 134.0
54.7571,83.0293155 134.1
54.7571,83.0294714 134.2
54.7571,83.0296273 134.2
54.7571,83.0297832 134.3
54.7571,83.0299391 134.4
54.7571,83.030095 134.5
54.7571,83.0302509 134.6
54.7571,83.0304068 134.7
54.7571,83.0305627 134.8
54.7571,83.0307186 134.9
54.7571,83.0308745 135.0
54.7571,83.0310304 135.0
54.7571,83.0311863 135.0
54.7571,83.0313422 135.0
54.7571,83.0314981 135.0
54.7571,83.031654 135.0
54.7571,83.0318099 135.0
54.7571,83.0319658 135.1
54.7571,83.0321217 135.2
54.7571,83.0322776 135.3
54.7571,83.0324335 135.4
54.7571,83.0325894 135.4
54.7571,83.0327453 135.3
54.7571,83.0329012 135.2
54.7571,83.0330571 135.2
54.7571,83.033213 135.1
54.7571,83.0333689 135.0
54.7571,83.0335248 135.0
54.7571,83.0336807 135.0
54.7571,83.0338366 135.0
54.7571,83.0339925 135.0
54.7571,83.0341484 135.0
54.7571,83.0343043 135.1
54.7571,83.0344602 135.3
54.7571,83.0346161 135.5
54.7571,83.034772 135.7
54.7571,83.0349279 135.9
54.7571,83.0350838 135.8
54.7571,83.0352397 135.5
54.7571,83.0353956 135.3
54.7571,83.0355515 135.0
54.7571,83.0357074 134.7
54.7571,83.0358633 134.4
54.7571,83.0360192 134.1
54.7571,83.0361751 133.7
54.7571,83.036331 133.3
54.7571,83.0364869 133.0
54.7571,83.0366428 132.6
54.7571,83.0367987 132.2
54.7571,83.0369546 131.8
54.7571,83.0371105 131.5
54.7571,83.0372664 131.1
54.7571,83.0374223 130.7
54.7571,83.0375782 130.5
54.7571,83.0377341 130.5
54.7571,83.03789 130.5
54.7571,83.0380459 130.5
54.7571,83.0382018 130.5
54.7571,83.0383577 130.5
54.7571,83.0385136 130.3
54.7571,83.0386695 130.1
54.7571,83.0388254 129.9
54.7571,83.0389813 129.7
54.7571,83.0391372 129.5
54.7571,83.0392931 129.4
54.7571,83.039449 129.3
54.7571,83.0396049 129.2
54.7571,83.0397608 129.1
54.7571,83.0399167 129.0
54.7571,83.0400726 129.0
54.7571,83.0402285 129.0
54.7571,83.0403844 129.0
54.7571,83.0405403 129.0
54.7571,83.0406962 129.0
54.7571,83.0408521 129.0
54.7571,83.041008 129.0
54.7571,83.0411639 129.0
54.7571,83.0413198 129.0
54.7571,83.0414757 129.0
54.7571,83.0416316 129.0
54.7571,83.0417875 129.1
54.7571,83.0419434 129.3
54.7571,83.0420993 129.5
54.7571,83.0422552 129.7
54.7571,83.0424111 129.9
54.7571,83.042567 130.2
54.7571,83.0427229 130.9
54.7571,83.0428788 131.6
54.7571,83.0430347 132.2
54.7571,83.0431906 132.9
54.7571,83.0433465 133.5
54.7571,83.0435024 134.2
54.7571,83.0436583 134.9
54.7571,83.0438142 135.5
54.7571,83.0439701 136.2
54.7571,83.044126 136.9
54.7571,83.0442819 137.2
54.7571,83.0444378 137.5
54.7571,83.0445937 137.8
54.7571,83.0447496 138.0
54.7571,83.0449055 138.3
54.7571,83.0450614 138.6
54.7571,83.0452173 138.7
54.7571,83.0453732 138.9
54.7571,83.0455291 139.1
54.7571,83.045685 139.3
54.7571,83.0458409 139.4
54.7571,83.0459968 139.5
54.7571,83.0461527 139.5
54.7571,83.0463086 139.5
54.7571,83.0464645 139.5
54.7571,83.0466204 139.5
54.7571,83.0467763 139.3
54.7571,83.0469322 139.0
54.7571,83.0470881 138.8
54.7571,83.047244 138.5
54.7571,83.0473999 138.2
54.7571,83.0475558 138.0
54.7571,83.0477117 138.1
54.7571,83.0478676 138.2
54.7571,83.0480235 138.3
54.7571,83.0481794 138.4
54.7571,83.0483353 138.5
54.7571,83.0484912 138.5
54.7571,83.0486471 138.5
54.7571,83.048803 138.5
54.7571,83.0489589 138.5
54.7571,83.0491148 138.5
54.7571,83.0492707 138.6
54.7571,83.0494266 138.8
54.7571,83.0495825 139.0
54.7571,83.0497384 139.2
54.7571,83.0498943 139.4
54.7571,83.0500502 139.4
54.7571,83.0502061 139.0
54.7571,83.050362 138.7
54.7571,83.0505179 138.3
54.7571,83.0506738 137.9
54.7571,83.0508297 137.5
54.7571,83.0509856 137.1
54.7571,83.0511415 136.8
54.7571,83.0512974 136.4
54.7571,83.0514533 136.0
54.7571,83.0516092 135.6
54.7571,83.0517651 135.2
54.7571,83.051921 134.9
54.7571,83.0520769 134.5
54.7571,83.0522328 134.1
54.7571,83.0523887 133.8
54.7571,83.0525446 133.4
54.7571,83.0527005 132.9
54.7571,83.0528564 132.5
54.7571,83.0530123 132.0
54.7571,83.0531682 131.5
54.7571,83.0533241 131.1
54.7571,83.05348 130.7
54.7571,83.0536359 130.3
54.7571,83.0537918 129.9
54.7571,83.0539477 129.6
54.7571,83.0541036 129.2
54.7571,83.0542595 129.0
54.7571,83.0544154 128.9
54.7571,83.0545713 128.8
54.7571,83.0547272 128.7
54.7571,83.0548831 128.6
54.7571,83.055039 128.5
54.7571,83.0551949 128.6
54.7571,83.0553508 128.7
54.7571,83.0555067 128.8
54.7571,83.0556626 128.9
54.7571,83.0558185 129.0
54.7571,83.0559744 129.2
54.7571,83.0561303 129.4
54.7571,83.0562862 129.5
54.7571,83.0564421 129.7
54.7571,83.056598 129.9
54.7571,83.0567539 130.2
54.7571,83.0569098 130.6
54.7571,83.0570657 130.9
54.7571,83.0572216 131.3
54.7571,83.0573775 131.7
54.7571,83.0575334 132.0
54.7571,83.0576893 132.3
54.7571,83.0578452 132.6
54.7571,83.0580011 132.8
54.7571,83.058157 133.1
54.7571,83.0583129 133.4
54.7571,83.0584688 133.3
54.7571,83.0586247 133.1
54.7571,83.0587806 132.9
54.7571,83.0589365 132.7
54.7571,83.0590924 132.5
54.7571,83.0592483 132.2
54.7571,83.0594042 131.7
54.7571,83.0595601 131.3
54.7571,83.059716 130.8
54.7571,83.0598719 130.3
54.7571,83.0600278 130.0
54.7571,83.0601837 130.1
54.7571,83.0603396 130.2
54.7571,83.0604955 130.3
54.7571,83.0606514 130.4
54.7571,83.0608073 130.5
54.7571,83.0609632 130.5
54.7571,83.0611191 130.5
54.7571,83.061275 130.5
54.7571,83.0614309 130.5
54.7571,83.0615868 130.5
54.7571,83.0617427 130.6
54.7571,83.0618986 130.7
54.7571,83.0620545 130.8
54.7571,83.0622104 130.9
54.7571,83.0623663 131.0
54.7571,83.0625222 131.0
54.7571,83.0626781 130.9
54.7571,83.062834 130.8
54.7571,83.0629899 130.7
54.7571,83.0631458 130.6
54.7571,83.0633017 130.5
54.7571,83.0634576 130.4
54.7571,83.0636135 130.2
54.7571,83.0637694 130.0
54.7571,83.0639253 129.8
54.7571,83.0640812 129.6
54.7571,83.0642371 129.5
54.7571,83.064393 129.5
54.7571,83.0645489 129.5
54.7571,83.0647048 129.5
54.7571,83.0648607 129.5
54.7571,83.0650166 129.5
54.7571,83.0651725 129.6
54.7571,83.0653284 129.7
54.7571,83.0654843 129.8
54.7571,83.0656402 129.9
54.7571,83.0657961 130.0
54.7571,83.065952 130.0
54.7571,83.0661079 130.0
54.7571,83.0662638 130.0
54.7571,83.0664197 130.0
54.7571,83.0665756 130.0
54.7571,83.0667315 129.9
54.7571,83.0668874 129.7
54.7571,83.0670433 129.5
54.7571,83.0671992 129.4
54.7571,83.0673551 129.2
54.7571,83.067511 129.0
54.7571,83.0676669 129.2
54.7571,83.0678228 129.4
54.7571,83.0679787 129.6
54.7571,83.0681346 129.8
54.7571,83.0682905 129.9
54.7571,83.0684464 129.9
54.7571,83.0686023 129.8
54.7571,83.0687582 129.8
54.7571,83.0689141 129.7
54.7571,83.06907 129.6
54.7571,83.0692259 129.5
54.7571,83.0693818 129.5
54.7571,83.0695377 129.5
54.7571,83.0696936 129.5
54.7571,83.0698495 129.6
54.7571,83.0700054 129.6
54.7571,83.0701613 129.6
54.7571,83.0703172 129.5
54.7571,83.0704731 129.5
54.7571,83.070629 129.5
54.7571,83.0707849 129.5
54.7571,83.0709408 129.5
54.7571,83.0710967 129.5
54.7571,83.0712526 129.5
54.7571,83.0714085 129.5
54.7571,83.0715644 129.5
54.7571,83.0717203 129.5
54.7571,83.0718762 129.5
54.7571,83.0720321 129.5
54.7571,83.072188 129.5
54.7571,83.0723439 129.5
54.7571,83.0724998 129.5
54.7571,83.0726557 129.5
54.7571,83.0728116 129.5
54.7571,83.0729675 129.5
54.7571,83.0731234 129.5
54.7571,83.0732793 129.5
54.7571,83.0734352 129.6
